[[-2.68420712  0.32660732]
 [-2.71539062 -0.16955684]
 [-2.88981954 -0.1373456 ]
 [-2.7464372  -0.31112431]
 [-2.72859298  0.33392457]
 [-2.27989736  0.74778272]
 [-2.82089068 -0.0821045 ]
 [-2.62648199  0.17040536]
 [-2.88795857 -0.57079802]
 [-2.67384469 -0.1066917 ]
 [-2.50652679  0.65193502]
 [-2.61314272  0.02152064]
 [-2.78743398 -0.22774018]
 [-3.22520045 -0.5032799 ]
 [-2.64354321  1.18619491]
 [-2.38386932  1.34475435]
 [-2.6225262   0.81808968]
 [-2.64832273  0.31913668]
 [-2.19907796  0.87924409]
 [-2.58734619  0.52047365]
 [-2.3105317   0.39786783]
 [-2.54323491  0.44003176]
 [-3.21585769  0.14161558]
 [-2.30312854  0.10552269]
 [-2.35617109 -0.03120958]
 [-2.50791723 -0.13905633]
 [-2.469056    0.13788732]
 [-2.56239095  0.37468457]
 [-2.63982127  0.31929007]
 [-2.63284791 -0.19007582]
 [-2.58846205 -0.19739307]
 [-2.41007734  0.41808002]
 [-2.64763667  0.81998264]
 [-2.59715947  1.10002194]
 [-2.67384469 -0.1066917 ]
 [-2.86699985  0.0771931 ]
 [-2.62522846  0.60680002]
 [-2.67384469 -0.1066917 ]
 [-2.98184267 -0.48025004]
 [-2.59032302  0.23605934]
 [-2.77013891  0.27105943]
 [-2.85221108 -0.93286536]
 [-2.99829644 -0.33430757]
 [-2.4055141   0.19591726]
 [-2.20883295  0.44269604]
 [-2.71566519 -0.24268147]
 [-2.53757337  0.51036755]
 [-2.8403213  -0.22057633]
 [-2.54268576  0.58628103]
 [-2.70391231  0.11501086]
 [ 1.28479459  0.68543918]
 [ 0.93241075  0.31919809]
 [ 1.46406132  0.50418983]
 [ 0.1809672  -0.82560394]
 [ 1.08713449  0.07539039]
 [ 0.64043675 -0.41732349]
 [ 1.09522371  0.28389121]
 [-0.75146714 -1.00110751]
 [ 1.04329778  0.22895691]
 [-0.01019007 -0.72057487]
 [-0.5110862  -1.26249195]
 [ 0.51109806 -0.10228411]
 [ 0.26233575 -0.5478933 ]
 [ 0.98404454 -0.12436042]
 [-0.174864   -0.25181557]
 [ 0.92757294  0.4682362 ]
 [ 0.65959279 -0.35197629]
 [ 0.23454059 -0.33192183]
 [ 0.94236171 -0.54182226]
 [ 0.0432464  -0.58148945]
 [ 1.11624072 -0.08421402]
 [ 0.35678657 -0.06682383]
 [ 1.29646885 -0.32756152]
 [ 0.92050265 -0.18239037]
 [ 0.71400821  0.15037915]
 [ 0.89964086  0.32961098]
 [ 1.33104142  0.24466952]
 [ 1.55739627  0.26739258]
 [ 0.81245555 -0.16233158]
 [-0.30733476 -0.36508661]
 [-0.07034289 -0.70253793]
 [-0.19188449 -0.67749054]
 [ 0.13499495 -0.31170964]
 [ 1.37873698 -0.42120514]
 [ 0.58727485 -0.48328427]
 [ 0.8072055   0.19505396]
 [ 1.22042897  0.40803533]
 [ 0.81286779 -0.370679  ]
 [ 0.24519516 -0.26672804]
 [ 0.16451343 -0.67966147]
 [ 0.46303099 -0.66952655]
 [ 0.89016045 -0.03381245]
 [ 0.22887905 -0.40225762]
 [-0.70708129 -1.00842476]
 [ 0.35553304 -0.50321849]
 [ 0.33112695 -0.21118014]
 [ 0.37523823 -0.29162203]
 [ 0.64169028  0.01907117]
 [-0.90846334 -0.75156872]
 [ 0.29780791 -0.34701652]
 [ 2.53172698 -0.01184224]
 [ 1.41407222 -0.57492506]
 [ 2.61648461  0.34193528]
 [ 1.97081495 -0.1811257 ]
 [ 2.34975798 -0.04188256]
 [ 3.39687992  0.54716804]
 [ 0.51938324 -1.19135169]
 [ 2.9320051   0.352377  ]
 [ 2.31967279 -0.24554818]
 [ 2.91813424  0.78038062]
 [ 1.66193495  0.2420384 ]
 [ 1.80234045 -0.21615461]
 [ 2.16537886  0.21528028]
 [ 1.34459422 -0.77641543]
 [ 1.5852673  -0.53930706]
 [ 1.90474358  0.11881899]
 [ 1.94924878  0.04073025]
 [ 3.48876538  1.17154453]
 [ 3.79468686  0.25326556]
 [ 1.29832982 -0.76101394]
 [ 2.42816726  0.37678196]
 [ 1.19809737 -0.60557896]
 [ 3.49926549  0.45677346]
 [ 1.38766825 -0.20403099]
 [ 2.27585365  0.33338652]
 [ 2.61419383  0.55836694]
 [ 1.25762518 -0.179137  ]
 [ 1.29066965 -0.11642526]
 [ 2.12285398 -0.21085489]
 [ 2.3875644   0.46251924]
 [ 2.84096093  0.37274258]
 [ 3.2323429   1.37052403]
 [ 2.15873837 -0.21832554]
 [ 1.4431026  -0.14380129]
 [ 1.77964011 -0.5014648 ]
 [ 3.07652162  0.68576443]
 [ 2.14498686  0.1389066 ]
 [ 1.90486293  0.0480475 ]
 [ 1.16885347 -0.1645025 ]
 [ 2.10765373  0.37148224]
 [ 2.3143034   0.18260885]
 [ 1.92245089  0.40927117]
 [ 1.41407222 -0.57492506]
 [ 2.56332271  0.2759745 ]
 [ 2.41939122  0.30350393]
 [ 1.94401705  0.18741522]
 [ 1.52566363 -0.37502085]
 [ 1.76404594  0.07851918]
 [ 1.90162908  0.11587674]
 [ 1.38966613 -0.28288671]]
